$ANSIBLE_VAULT;1.2;AES256;test
34613836303764323338633136383437303630313530653336313735656465316234656563326532
3666363134303465623932353964623664306435366635310a366562326361313338616338613830
34313861656530363562336463386639663039663962396135373039326335306261336362363531
3737346431386330660a323662396162316531653666313731356532636134343733636637623365
35646364333436306363396665613137666464653632386338383637393231313364663936633862
37373263656533376163323136316631663535353437306164353238643231333031613238303736
39663761356635373133306430343762323865323232613831373533316539613630303964336333
37366431353632326437633662666664353339613939333337366638626436343137623837316536
35636435326531653733376265356663343764386637343261643035653131636464656463383339
61613937636134343562393130656235623232346265323434613062386133343034653738303038
31633833313631323331333965663434386461356531643065393531393733343637666637333638
32393836306263613936333630613363343135303665396661343165326130626664306330633834
30633564636634396639393339613433626433636263303338643230373734386262323034363030
62373738643732323439306163383332333937396466316633343463653537386161373762313166
30346131376361363333666565636463613631613433396631383836336239633363363532323036
62376364376664353131353134666533653665316362373139613664333237616630626664383633
38356164653962336666393661326533333461656565363239623462613030636637346239326134
30366331653930343761656233376135306461326334646566393930386330333638393564666466
66336362623166353137353363373263623936313330373638646166373136313066376532633034
30343566323439323332643638363539383363656530326361393461366462616562376262386630
39313331323166636464346239636165653034346135663139303134626135633934663036663364
38333835333739613638333236613837306163313636633534303163323633383935386466303735
31383336303065316565336236656635373935346138386634653538366566656263373838313234
31636338366431346630303131303564396434623432633930643465613237636237303335313533
66623061333431383766626131376433313661626230633732313563343266303766353330366263
63316230366537363434376235383562646239643038313732616634663162613762343361656161
30353561366531393561353237326532303631616230353333356132626238633662356161323638
37383865393734616332623866313061373330306238333865313131363430386339353761636666
39316231383965613362363461663762663966633937633661633932346366663135666634366136
34313663313431306166663031613432303235613830383438373363356534353836353738333932
61303563383531313132376636616134373139306564353564376166343132393233623431343135
39373734303761363334373365366134633935646231356432393464643539663735356638366132
62623039323233633335633364306633666336353564326161633966316637393166613138663137
35373062633833636236633936343136303364643361633763363439393233323338633733633533
38613630643966623836323366326134373261303861653761336237613837663166326533376133
34366662353137343436353065396134613631663436346165303034366662663732626435633737
66366265386339383833636430653134343833613565646263353037343230373266333366313364
36616333336465333334656534316531393437396634623137666231613361323233633065366565
33393166346439663861636433653638623530656166646437366266333330643833303736373435
64613639366535303434323237366639633430643830633330393966303161653636666332376537
34636630313764633836663234343034643032363634313161303763323339653362343063343838
66356263306463613763333664313438643532376330333461383666353862323634343462663730
39623232343131363664666261393530313339623537376236633732393839363964663834646365
32386339333065383563623937323531343532616238346237393064653765616433623537373935
66663330643233656535633666643361366538656130663931653866666562373461623234333562
63346462376332333438643938643038623234653664376537643335643665626436306132376662
31613664323335316438613832306233353533616433643963666235633662366361303531306434
39663637316531386666646139616366383165313932363134393163323033633133336465636463
66326361666233313461373639626530393030316461363732626535373335633232653062613532
32636238636334353165633139333333353233623730303134653565663034643532633865373436
63646563666433303362326262616564323334333131393663393862323535666165373036636561
64626536613335663265356438303162316664633664303836373339616533356264313533303531
63663035313035346335636363316166383037346233336564663465633432376238633036663065
32626337333236623261636436623730633030666365323836376563313039333230646534363466
32363761656365303931303739353964313035396362643737313562393862373764306236613837
36306636643236316532656563383530383665326238323630333237356566633234396638386265
66636561343834666339383365373533646265303932613265346137353864353735643363623734
30623732613364356339353334623834346336386636656562646132353833383435373330613233
63663365373332666238306365633837333462656239626432343438646133626431613331633632
63373737653132363932313639343439313831666139303833396161356537373537663861326565
65326261353839346339373066663234313063306533653037653335613436636131623964373535
30386166323965646539646265626535323161623936366332346139353830333131303930303462
34366230363834643932343034343535303462336438333064636466656439343830383330613864
39353661313062383634393339353265633062303033633937313436356463363532653534343364
35306536383365623836633566633837666661373530666632313637613339386233366135336234
33353730633661626638333466663366646562343463346434333732626630323230356630326361
65626361636666373334623837396531376332323133346138343330616264386130373633386434
62626634353632333663353337353131376436366638393665363635653234336365666363393339
38346132653935373737386135343638633365316630363939336163636362313233336663363266
36663038656439386463663836616330656462346465626632633937663533306335633437356531
34616532623039333763626531363531633930343335623739326432393462356132663135643231
66363838363133396539633538646539323834396365653335623038316635336634323237333339
34316435636463396161363532623066363130653032373739616430396462333538663233343561
30653336383939346534656437316135653161653466356563313366356531376364333061356464
30353561646665653066383239333565323766383066383764313631643937653338303166643139
36386436326338386137333966353464356430623130663437386230306266323934626334313061
66306363623066303735353564363335663364616165656535613437343762646464316137313539
63306133306431343237316565356338653239323563626564316339346130393739333832613837
62353162366566333732623633613238656433393439636662303135306338363931633737663866
62646565333431346163363434633339373639633937633365633835323336326266623265666562
65356236313230313765666332643631313537613162396133663935646663656231656365353131
35653437303237626363656534623732643639653164336565376439343137383037666462633865
31656261333566633034383136303739626131663933396135333333613261343461303663333838
34666438646532383833393839333639663262613066663664373737313933376231386532313566
30373463633334626662663964653863643966656539626365356232383362656338316435643864
36656634316562653464613766326465346632626362623365343163323766623135393036363765
36366632373336313764303034633162666264643338633632623463636236343737383433303162
37393365356363666261363134633861346537366230303263316566333434373733316339636138
30613266316631663131366162353938326138353532323237353662333461306163396637663831
65303563373863653564393534393666643964643164613730376263636136333030653236333866
66636261386666616163363336383939613263623161353634343464353830323635343338663663
35303839386236623865353563633364646638336235316634613032353534343130633234313632
32363163326539396433366539343039646236363530356163326665636334336563353630373630
33666434636231383439653530373233346639346130306236313863366536396235316465393833
64336261343437653462646361313634383136303936393439303437643039643939313331316433
37616535663564323036613764633836333131633634316534393431646235636338323438643231
62303164633239383462346134353631616431396535646166636134376438343134383438326631
64326465633834636431643638613165346438376431643762656531356432353836313833323234
36653366653835393364386137653736653534343034383931623962663532613835303961636635
33313239323637346338366138316130376532633133626536316139666631353031613465396163
32393066303631363865353564633066373830353563666466346538313064313735636162396466
64316662313961373439633738313766346639396437656437383630663434623538306238396134
36613631323363386336313738616461393636353137393136336231616663353836343636663832
66616338636663353364323835346235393562356333633461636531353662313162346537663338
39353838653634303362306565343061333931313839646438363238363366393436633762616337
31623765343566306435396136646334396265643463336365326464643733313235326665646532
38646663353934653864663232393137613437643034316132663330666136366162643830623232
36356564356462623433313937353537306530366365333661656636623038306530303235393634
33303861313237346630323965613137613462323631376165613037356164333763366338623763
66636663646338623234626462633839333637336530343963363532336634326532646364623633
66353035646562306133303364353264663064396432396231663366633537616637386365313738
65626534646662373536633062333132333437663937346462613934303731626331636237663033
66396161323534386233373533323264383838633539316666343931616135376436643434656666
62373839323030376636383039613565353738386236616438643262306630643464313365613734
34303866383535343133636137666535313439336536363666373963643262333635346232663565
37313139343063333661303066386166376664626337323262306434633638636365343139333833
30653335333133626333333032623335333064346533616563316238633130633665353232323434
37656466303661353436623466343663383832316134333836316633656362633035646431633861
36386231336361373263383534363637373933663336656464363464656134306131353034636230
31363061383730616662333138646639633436653665303638336562666530656663333637656631
65353264663963623034396364346564313435633438373861356532633238653166306231353666
63366335366532613566376139326136336131663166373761333263383362626537646535313830
66643161643734386637316231303462336631666434353238656538323334363464313238326461
36303265633266336239393132363838616435363664323065626634306439343838633166613561
35666562636331333335313164383164633338386438363031376530356164656361336163643438
30653561306338666237663662623562613235393264653363386430383064343164343339303763
62343361383662653566613734346331376337643139653233313763346132643662306335373537
32636162333133346364343339316238343333316432303531333434653133323637383632316438
38653131396437353037646439323666336537336634313630656361386339303265316136333232
31313135333438643862626363386565306632356565376333663038666362393739636566313463
39363135396632366361363734393732373434626533623930313966346165663233383939643266
37313638656237316662343632393132366631353635353934613331663661356234376664373164
33643239663062393261626537356235366531353433336236633564633665303434306638643365
3037313536356137623664343331313436636330316266666433
